RELEASE.md
  h_9d56aba080c170 1-30
apps/docs/public/coverage.json
  h_9d56aba080c170 3
apps/docs/scripts/docs-projection.mjs
  h_9d56aba080c170 724-728,753-788
apps/docs/scripts/generate-api-reference.test.mjs
  h_9d56aba080c170 126-134
apps/docs/src/generated/api-reference.json
  h_9d56aba080c170 12931,12934,12946,12965,12992,13001,14842,14854,14866,14962,15058,15070,15082,15094,15106,15118,15130,15142,15154,15166,15178,15190,15202,15208-15209,15214,15223,15226,15232-15233,15238,15250,15259,15262,15268-15269,15274,15280-15281,15286,27629,49315,52261-52262,52271,52280,52289,52298,52307,52316,52325,52334,52343,52352,55970,55979,55997,59780-59788,59795,59804,59813,59822,59830-59831,59840,59849,59858,59867,60166,60184,60187,60199,60232,60244,60256,60260-60343,60410-60418,60506-60589,60613-60614,60623,60650,60688,60691,60715,60772,60811,60814,60826,60871,60898,60901,60913,62446,62785-62786,62795,66352-66353,66362,66371,66380,66389,66398,70640,70649,70658,70667,70676,70685,70694,70703,70712,70721,70730,70739,70744-70745,70748,70757,70766,70775,70783-70784,70793,70802,70811,70820,70825-70826,70829,70834-70835,70838,70843-70844,70847,86209,86272-86273,86282,86291,86300,86309,86318,86621,96808,96817-96818,96825,96835,96840,96850,96858,96863,96877-96878,96885,96899,96913-96914,96921,96939,96943,96953,96961,96968,96982,96990,97002,97016,97024,97034,97048,97056,97067,97077,97081-97202,97209,97224,97228,97238,97246,97250,97256,97263,97268,97280,97283-97292,97297,97320-97326,97334-97335,97356,97366,97370-97371,97389-97390,97399,97404,97422,97432,97436-97437,97451,97456-97468,97487,97503-97504,97523,97539-97540,97666,97676,97680-97681,97700,97704,97714,97730,97744,97760,97764,97774,97791,97795,97808,97820,97837,97849,97866,97878,97895,97928,97932,97945,97957,97961,97974,97993,98024,98083,98151,98373,98405-98406,98420-98421,98450,98464,98493,98497,98510,98541,98546,98556,98585,98590,98600,98637-98638,98652-98653,98672,98677-98689,98704,98709-98721,98753,98815,99018,99037,99053,99068,99081,99095-99096,99116,99130-99131,99155,99169,99182,99196,99209,99225,99238,99253,99270,99284,99304,99318,99341,99345,99355,99383,99405,99409,99422,99441,99458,99477,99494,99513,99530,99549,99553,99566,99585,99589,99602,99625,99629,99642,99661-99662,99665-99677,99708-99709,99712-99724,99755-99756,99759-99771,99802,99819,99838,99842,99855,99883,99900,99924,99941,99999,100024,100041,100068,100083,100109,100124,100161-100162,100166-100168,100501,100581-100582,100586-100588,100624,100656,100684,100699,100753,100770,100794,100874,100889,100927-100928,100940-100941,100967,100972,100984,101001,101005,101018,101032,101049,101061,101078,101097,101114,101134,101138,101151,101163,101180,101198,101203,101215,101227,101244,101261,101265,101278,101299,101316,101328,101345,101357,101374,101390,101407,101426,101443,101455,101472,101484,101501,101518,101535,101553,101570,101584,101601,101634,101663,101707,101722-101723,101752,101767-101768,101797,101811,102108,102113-102125,102154,102168,102197,102211,102240,102254,102283-102284,102287-102288,102290,102298,102341,102358,102370,102387,102420,102449,102477-102478,102494,102518-102519,102535,102617,102634,102694,102724,102754,102785,102878-102879,102884-102896,102908,102913-102925,102937,102942-102954,102974,102979-102991,103003,103008-103020,103039,103044-103056,103073-103085,103104-103116,103145,103213,103218-103230,103241,103285,103310,103324-103325,103373,103387,103411,103426,103449,103466,103489,103503,103554,103568-103569,103591,103624,103656-103668,103687,103714,103750,103790,103808-103809,103830,103848-103849,103874,103891,103912,103929,103978,103983-103984,104149,104154-104155,104184,104198-104199,104211,104225,104240,104254-104255,104272,104286,104301,104315,104332,104348,104363,104378,104392,104407,104436,104454,104468-104469,104487,104501,104513,104552,104566-104567,104591,104608-104609,104629,104646-104647,104672,104687,104708,104723,104775,104780-104792,104809,104823,104841,104855-104856,104874,104889,104905,104919,104937,104951-104952,104971,104981,104994,105009,105021,105035-105036,105056,105070-105071,105095,105109,105134,105148,105171,105175,105185,105210,105228,105245,105260,105277,105292,105309,105324,105341,105388,105405,105412-105413
apps/docs/src/generated/lenso-docs-index.json
  h_9d56aba080c170 3
packages/cli/licenses/native-declarations.json
  h_9d56aba080c170 6
packages/react/src/components/menu/menu.browser.test.tsx
  h_9d56aba080c170 4,10,15,121-197
packages/react/src/components/menu/menu.tsx
  h_9d56aba080c170 6-8,146-211,250-255
packages/styles/src/components/menu/menu.styles.ts
  h_9d56aba080c170 45
packages/testing/integration/base-ui-1.9.browser.test.tsx
  h_9d56aba080c170 1-167
packages/testing/integration/components/drawer/gestures.browser.test.tsx
  h_9d56aba080c170 1-88
packages/testing/scripts/installed-consumer.ts
  h_9d56aba080c170 59,62-70
pnpm-lock.yaml
  h_9d56aba080c170 168-169,279,442,547,589,677,784,935-936,952-953,4518-4519,4926-4930,5235,5238,5243,5247,5253-5254,8730,9209-9212
pnpm-workspace.yaml
  h_9d56aba080c170 13,49-50
---
{
  "schema_version": "authorship/3.0.0",
  "git_ai_version": "1.7.5",
  "base_commit_sha": "881355ec4644c17b67342fa778f70f5835295d58",
  "prompts": {},
  "humans": {
    "h_9d56aba080c170": {
      "author": "LioRael <leo@lenso.dev>"
    }
  }
}